4.86093e-05
4.86088e-05
4.86115e-05
4.85988e-05
4.85962e-05
4.85988e-05
4.86055e-05
4.85983e-05
4.8605e-05
4.85986e-05
4.85998e-05
4.8599e-05
4.85998e-05
4.86033e-05
4.85981e-05
4.86046e-05
4.86008e-05
4.86028e-05
4.86024e-05
4.86028e-05
4.86122e-05
4.86045e-05
4.86136e-05
4.86039e-05
4.86156e-05
4.85972e-05
4.86156e-05
4.85915e-05
4.85886e-05
4.85946e-05
4.85927e-05
4.85897e-05
4.85916e-05
4.85897e-05
4.86086e-05
4.86033e-05
4.86024e-05
4.86032e-05
4.85887e-05
4.85929e-05
4.85887e-05
4.86003e-05
4.86044e-05
4.85981e-05
4.85939e-05
4.85932e-05
4.85925e-05
4.85932e-05
4.86009e-05
4.85991e-05
4.86032e-05
4.85942e-05
4.85942e-05
4.85942e-05
4.85962e-05
4.85942e-05
4.86056e-05
4.86045e-05
4.86998e-05
4.86092e-05
