0.00522032
0.00522033
0.00521938
0.00522022
0.00522035
0.0052206
0.00522066
0.00522067
0.00522093
0.0052206
0.00522071
0.00522045
0.00522114
0.00522068
0.0052208
0.00522034
0.00521961
0.00521988
0.00522077
0.00522003
0.00522014
0.00522132
0.00522101
0.00522037
0.00522067
0.00521962
0.00522016
0.00522051
0.00521998
0.00522016
0.00522013
0.0052203
0.00522007
0.00521999
0.0052211
0.00522009
0.00522027
0.00521996
0.005221
0.00522034
0.00521987
0.00522071
0.00522151
0.0052212
0.00522042
0.00522089
0.00522049
0.00522092
0.00522921
0.00522069
0.00522044
0.00522076
0.00522048
0.00522044
0.00522051
0.00522051
0.00522083
0.00522023
0.00521996
0.00522051
