0.00447634
0.00447658
0.00447745
0.00447745
0.00447533
0.00447533
0.00447549
0.00447549
0.0044764
0.0044764
0.00447716
0.00447716
0.00447588
0.00447588
0.00447507
0.00447507
0.00447478
0.00447568
0.0044764
0.00447596
0.00447625
0.00447445
0.00447485
0.00447523
0.004474
0.00447634
0.00447591
0.00447644
0.0044763
0.00447448
0.00447575
0.00447621
0.00447586
0.00447611
0.00447664
0.00447664
0.00447526
0.00447526
0.00447663
0.00447663
0.00447531
0.00447531
0.00447618
0.00447618
0.00447515
0.00447509
0.00447509
0.0044751
0.0044751
0.00447502
0.00447534
0.0044757
0.00447635
0.00447614
0.00447628
0.00447504
0.00447588
0.00447771
0.00447743
0.00447826
