0.00466164
0.00466111
0.00466142
0.00466176
0.0046622
0.00466205
0.00466205
0.00466235
0.00466212
0.00466162
0.00466212
0.00466205
0.00466154
0.00466129
0.0046615
0.00466198
0.00466184
0.00466236
0.00466236
0.00466292
0.00466362
0.00466362
0.00466319
0.00466265
0.00466243
0.00466194
0.0046701
0.004661
0.0046611
0.00466172
0.00466128
0.00466126
0.00466244
0.00466194
0.00466287
0.0046635
0.0046635
0.0046612
0.00466243
0.00466243
0.00466174
0.00466278
0.00466241
0.00466238
0.00466228
0.00466302
0.00466193
0.00466396
0.00466328
0.0046638
0.00466823
0.00466289
0.00466177
0.00466215
0.00466253
0.004663
0.00466316
0.00466322
0.00466312
0.00466312
