0.385385
0.385405
0.385392
0.385327
0.385392
0.385327
0.385436
0.385446
0.385419
0.385424
0.385412
0.385368
0.385412
0.385382
0.385413
0.385384
0.385347
0.385423
0.385388
0.385423
0.385393
0.385404
0.385359
0.385385
0.38541
0.385398
0.38541
0.385435
0.385634
0.385477
0.385424
0.385447
0.385447
0.385447
0.385429
0.385408
0.385424
0.385421
0.385378
0.3854
0.385378
0.385371
0.385344
0.385349
0.38536
0.385405
0.385428
0.385405
0.385452
0.385423
0.385363
0.385486
0.385399
0.385404
0.385384
0.385404
0.385315
0.38537
0.385424
0.385376
