0.00503487
0.00503455
0.00503456
0.00503473
0.00503388
0.0050335
0.0050332
0.00503349
0.00503358
0.00503472
0.00503451
0.00503426
0.00503448
0.0050341
0.00503452
0.00503481
0.00503482
0.00503491
0.00503421
0.00503454
0.00503441
0.00503465
0.00503469
0.00503446
0.00503424
0.00503422
0.0050346
0.00503423
0.0050339
0.00503444
0.00503349
0.00503699
0.00503406
0.00503402
0.00503496
0.00503364
0.0050346
0.00503403
0.00503458
0.00503434
0.00503462
0.0050345
0.0050345
0.00503486
0.00503416
0.00503466
0.00503468
0.00503468
0.00503415
0.00503484
0.00503458
0.00503397
0.00503411
0.00503495
0.00503406
0.00503473
0.00503448
0.00503447
0.00503445
0.00503441
