0.00484733
0.00484799
0.00484636
0.0048471
0.00484723
0.0048471
0.00484816
0.00484836
0.00484802
0.0048484
0.00484922
0.00484782
0.00484922
0.00485493
0.00484861
0.0048496
0.00484825
0.0048487
0.00484836
0.0048487
0.00484785
0.00484811
0.00484919
0.00484876
0.00484839
0.00484907
0.00484839
0.00484821
0.00484793
0.00484855
0.00484898
0.00485117
0.00484811
0.0048481
0.00484775
0.00484806
0.00484736
0.0048476
0.00484769
0.00484803
0.00484769
0.00484836
0.00484816
0.00484788
0.00484798
0.00484826
0.00484761
0.00484826
0.00484751
0.00484757
0.00485676
0.00484838
0.00484876
0.00484777
0.00484904
0.00484777
0.00484875
0.00484888
0.00484847
0.00484862
